85	0.007316020120950613
86	0.00821913321283999
83	0.010054003372886412
84	0.008336693770203688
81	0.008815918612526365
82	0.0075153663197973205
80	0.011724467476596036
42	0.012263664216603498
41	0.006624732567393945
40	0.00831443770575556
38	0.011553332685887624
39	0.010550624901454175
36	0.013461264889539037
37	0.0065952523082564605
34	0.011762642166805023
35	0.008449032195350365
32	0.007993914289859638
33	0.012153935012008494
79	0.011491767614574495
78	0.008799293718962735
77	0.005850707428424346
76	0.013066410665815577
72	0.013954830395247364
73	0.009583710374452286
74	0.007717327608183619
75	0.011808655282262185
70	0.006571054134613545
71	0.012134159472169526
31	0.007245882570478041
30	0.008266462090372205
25	0.011407395296274964
26	0.007185996943616049
27	0.010976176401424838
28	0.007729637811386722
21	0.013376306065592303
22	0.013968768372804946
23	0.00885475522274604
24	0.013561628128376498
69	0.00696071862673246
66	0.009223538652195051
29	0.008943980811874176
65	0.010543917539639375
68	0.010528733064936428
67	0.011894227901814491
60	0.013896162183277192
0	0.01109436327461985
64	0.014755774879531057
63	0.009101475702189936
62	0.009191956318701282
61	0.011886283955250281
6	0.008623246864600887
56	0.008302649871987009
57	0.011079071065598836
5	0.011262803841666273
8	0.009814620711753805
54	0.008052592445319315
7	0.011870415235481463
55	0.013731349457362122
2	0.01324717264493654
1	0.009246760053663615
58	0.01062375976584545
4	0.01122957955282777
59	0.012740981382963487
3	0.011526192778810052
99	0.013740255387863724
98	0.010733138920238734
9	0.010031606278384802
90	0.011307210312828948
91	0.004466439131572154
92	0.010638290542873387
93	0.0053547555257836485
94	0.006859539549772668
19	0.00904999553715844
95	0.013336284337934802
18	0.005315806521579785
96	0.009966873824875006
97	0.009979024245168135
15	0.0065720792892508175
14	0.010930784134240385
17	0.009910689811169974
16	0.008737245941851764
11	0.012888453057538874
51	0.012401692397674637
10	0.012516455711457526
50	0.011199779370060232
53	0.009558929857603017
13	0.00892367379209821
52	0.011258038836955931
12	0.006406409604624223
43	0.010279165469230172
44	0.010028225547562015
45	0.008218948627945866
20	0.009619876842141
46	0.006011077065205581
47	0.007849108019465619
48	0.010676584772805411
49	0.0070870625344818935
88	0.014249669705939045
87	0.010876169966021929
89	0.008392969522570674
