86	0.008310753999546538
84	0.008430924427305158
82	0.007595820212665312
80	0.01186767193205383
42	0.012412128924344476
40	0.008408869220007291
39	0.01067836455457262
37	0.006664986860804769
35	0.008549549152886757
33	0.01230436903605931
79	0.011632233758785658
77	0.00590764485892739
73	0.009695642706844674
75	0.011954435109351824
71	0.012285998364558424
31	0.007325980817635545
26	0.007265955328173684
28	0.007816516011146028
22	0.014145705900146925
24	0.013730785508441331
66	0.009333259926533501
68	0.010654405102579206
60	0.014071094400974357
0	0.011232136753093576
64	0.014943197548036732
62	0.009296458360695618
6	0.008724180303575335
57	0.011214656548668645
8	0.009929521958346989
55	0.013906798883569445
2	0.013412648105185965
4	0.011366353622310803
59	0.012899127278172114
99	0.013909655834083396
91	0.004507341205410267
93	0.00540567635598028
19	0.009153213096376319
95	0.013505429728370811
97	0.010094443764406866
15	0.00664308567497204
17	0.010030577891956698
51	0.012554522292032612
11	0.013050852590403655
13	0.009027688830752107
53	0.009674353189488536
44	0.010146149936262578
46	0.006074139668840962
20	0.009732442917950014
48	0.010806843080354147
88	0.014428033765467734
