85	0.007395288323887123
83	0.01017401717036658
81	0.008918512243937119
41	0.006695167632811608
38	0.011695435000746013
36	0.013632918235831487
34	0.011904672796200451
32	0.00808293513488879
78	0.008899438121600496
76	0.013232210894049324
72	0.014134177150967596
74	0.007803487341705112
70	0.006640796823772615
30	0.008359446719167846
25	0.01154980848121657
27	0.011110737446751989
21	0.013541470294622465
23	0.008955673655190158
69	0.00703711471107782
29	0.009049904052015896
65	0.010674923365982641
67	0.012038949553616913
63	0.009206187235616546
61	0.012032293076923465
56	0.008393617279609458
5	0.011399278491293966
54	0.008145338310524159
7	0.012017554949616998
1	0.00935486447259719
58	0.010751899819317866
3	0.011668302140293742
98	0.010864338579008556
9	0.010150010010067313
90	0.011442530361132052
92	0.010770539931307836
94	0.006934827027957036
18	0.0053655355835771105
96	0.01008578301966568
14	0.011062218713978188
16	0.00884012787422084
50	0.011339180565640847
10	0.012672436241702877
12	0.006476345063463618
52	0.011397462068616002
43	0.01039998177205172
45	0.00831073777399185
47	0.0079375309791003
49	0.007165009902750285
87	0.011006303254435034
89	0.008486081779806738
86	0.008310753999546538
84	0.008430924427305158
82	0.007595820212665312
80	0.01186767193205383
42	0.012412128924344476
40	0.008408869220007291
39	0.01067836455457262
37	0.006664986860804769
35	0.008549549152886757
33	0.01230436903605931
79	0.011632233758785658
77	0.00590764485892739
73	0.009695642706844674
75	0.011954435109351824
71	0.012285998364558424
31	0.007325980817635545
26	0.007265955328173684
28	0.007816516011146028
22	0.014145705900146925
24	0.013730785508441331
66	0.009333259926533501
68	0.010654405102579206
60	0.014071094400974357
0	0.011232136753093576
64	0.014943197548036732
62	0.009296458360695618
6	0.008724180303575335
57	0.011214656548668645
8	0.009929521958346989
55	0.013906798883569445
2	0.013412648105185965
4	0.011366353622310803
59	0.012899127278172114
99	0.013909655834083396
91	0.004507341205410267
93	0.00540567635598028
19	0.009153213096376319
95	0.013505429728370811
97	0.010094443764406866
15	0.00664308567497204
17	0.010030577891956698
51	0.012554522292032612
11	0.013050852590403655
13	0.009027688830752107
53	0.009674353189488536
44	0.010146149936262578
46	0.006074139668840962
20	0.009732442917950014
48	0.010806843080354147
88	0.014428033765467734