86	0.0015000000000000002
84	0.0015000000000000002
82	0.0015000000000000002
80	0.0015000000000000002
42	0.0015000000000000002
40	0.0015000000000000002
39	0.0015000000000000002
37	0.0015000000000000002
35	0.0015000000000000002
33	0.0015000000000000002
79	0.0015000000000000002
77	0.0015000000000000002
73	0.0015000000000000002
75	0.0015000000000000002
71	0.0015000000000000002
31	0.0015000000000000002
26	0.0015000000000000002
28	0.0015000000000000002
22	0.0015000000000000002
24	0.0015000000000000002
66	0.0015000000000000002
68	0.0015000000000000002
60	0.0015000000000000002
0	0.0015000000000000002
64	0.0015000000000000002
62	0.0015000000000000002
6	0.0015000000000000002
57	0.0015000000000000002
8	0.0015000000000000002
55	0.0015000000000000002
2	0.0015000000000000002
4	0.0015000000000000002
59	0.0015000000000000002
99	0.0015000000000000002
91	0.0015000000000000002
93	0.0015000000000000002
19	0.0015000000000000002
95	0.0015000000000000002
97	0.0015000000000000002
15	0.0015000000000000002
17	0.0015000000000000002
51	0.0015000000000000002
11	0.0015000000000000002
13	0.0015000000000000002
53	0.0015000000000000002
44	0.0015000000000000002
46	0.0015000000000000002
20	0.0015000000000000002
48	0.0015000000000000002
88	0.0015000000000000002
